000000000000000000000000000	
000000000000000000000000000	
000000000111111000000000000	
000000001111111111000000000	
000000001110000111110000000	
000000001100000000111000000	
000000011000000000011000000	
000000011000000000011000000	
000000011000000000011000000	
000000011000000000011000000	
000000011000000000011000000	
000000110000000000011000000	
000000110000000000011000000	
000000110000000000011000000	
000000110000000000110000000	
000000110000000000110000000	
000000110000000000110000000	
000000110000000001100000000	
000000110000000001100000000	
000000011000000011000000000	
000000011000000011000000000	
000000001110000110000000000	
000000001111111110000000000	
000000000011111000000000000	
000000000000000000000000000	
000000000000000000000000000	
000000000000000000000000000	
000000000000000000000000000