000000000000000000000000000	
000000000000000000000000000	
000000000000000000000000000	
000000000000000000000000000	
000000000000000000000000000	
000000000000000000000000000	
000000000011000110000000000	
000000000111000110000000000	
000000000110000110000000000	
000000001100000110000000000	
000000001100000110000000000	
000000011000001100000000000	
000000011000001100000000000	
000000011000001100000000000	
000000011000001100000000000	
000000110000001100000110000	
000000111111111111111111000	
000000011111111111111000000	
000000000000001100000000000	
000000000000001100000000000	
000000000000001100000000000	
000000000000001100000000000	
000000000000001100000000000	
000000000000001100000000000	
000000000000001100000000000	
000000000000000000000000000	
000000000000000000000000000	
000000000000000000000000000