000000000000000000000000000	
000000000000000000000000000	
000000000000000000000000000	
000000000000000000000000000	
000000000000000110000000000	
000000000000011110000000000	
000000000000111000000000000	
000000000011110000000000000	
000000000111000000000000000	
000000001110000000000000000	
000000011100000000000000000	
000000011000000000000000000	
000000011000000000000000000	
000000011000000000000000000	
000000011000000000000000000	
000000011111100000000000000	
000000011111110000000000000	
000000011000110000000000000	
000000010000011000000000000	
000000011000011000000000000	
000000011100011000000000000	
000000001111111000000000000	
000000000111111000000000000	
000000000000000000000000000	
000000000000000000000000000	
000000000000000000000000000	
000000000000000000000000000	
000000000000000000000000000