000000000000000000000000000	
000000000000000000000000000	
000000000001111100000000000	
000000000011111110000000000	
000000000011000110000000000	
000000000111000011000000000	
000000000111000011000000000	
000000000111000011000000000	
000000000111000011000000000	
000000000011000011000000000	
000000000001100111000000000	
000000000001100110000000000	
000000000000111100000000000	
000000000000011100000000000	
000000000000011100000000000	
000000000000111110000000000	
000000000000110011000000000	
000000000000110011100000000	
000000000001110001100000000	
000000000001100000110000000	
000000000001100000110000000	
000000000001100000110000000	
000000000000110000110000000	
000000000000111011110000000	
000000000000111111100000000	
000000000000001100000000000	
000000000000000000000000000	
000000000000000000000000000